20160706
20160815
20160905
20160913
20161011
20161012
20161031
20161114
20170126
20170224
20170313
20170404
20170414
20170501
20170626
20170815
20170825
20171002
20171019
20171020
20171225
20180126
20180213
20180302
20180329
20180330
20180501
20180815
20180822
20180913
20180920
20181002
20181018
20181108
20181123
20181225
20190304
20190321
20190417
20190419
20190501
20190605
20190812
20190815
20190902
20190910
20191002
20191008
20191028
20191112
20191225
20200221
20200310
20200402
20200406
20200410
20200414
20200501
20200525
20201002
20201116
20201130
20201225
20210126
20210311
20210329
20210402
20210414
20210421
20210513
20210721
20210819
20210910
20211015
20211104
20211105
20211119
20220126
20220301
20220318
20220414
20220415
20220503
20220809
20220815
20220831
20221005
20221024
20221026
20221108
20230126
20230307
20230330
20230404
20230407
20230414
20230501
20230629
20230815
20230919
20231002
20231024
20231114
20231127
20231225